583929207
858540151
258975018
127855851
407488482
475477993
913888180
981011134
90615723
827247094
414380249
738603090
252867722
117978991
909495625
426837068
278714490
924577578
344751932
690084643
664317771
93674024
79501809
763626535
201445909
534674840
811780571
835267174
18629398
816674839
381511727
337906133
295144265
46491808
379009714
157567074
330230292
878122354
51541397
443676640
714204667
557907583
655327822
114239709
353050252
356815135
715710793
49735153
555167415
783530494
10232490
256047521
201395579
344240533
306511354
302375480
906198624
594345755
401359458
943955012
213933564
817314297
791011060
441520993
355735159
792432443
923640854
499630317
531775968
456435877
50063260
798989401
891410915
856871182
770106995
681853535
829500813
141815288
849055542
715417396
973944110
172105425
650873310
234999623
19839572
174369222
60938905
886008506
102307902
680576949
984057182
985736387
345954554
965742259
755275620
373473623
628469190
29280897
956385447
441371373
576662748
262161599
386863249
13044717
386394070
315419310
431708841
922510415
280700559
901115339
247785033
822086821
610197450
884636105
678664972
57535167
264377862
885880092
983490209
64715600
224562780
826168938
425806570
661171976
395799263
852105078
16247640
162946579
153303056
764770596
62652183
381034089
744620509
647716622
407336715
910535482
177434905
155201363
168440671
696674687
942714292
975496822
491954889
888238519
171730808
250985313
85345966
603285350
533788954
845224312
704772660
524618450
94853085
86721653
882816002
734558456
496969539
243043221
325067756
21850014
327998955
364546173
397748898
723214231
224282738
221709883
193931148
448119328
160856791
593846080
291877594
238040772
522568291
554640986
935518315
360277630
998611569
279180245
577631202
212206570
191727106
247733470
955944907
125023175
406249621
389152750
572515682
206716542
687832871
988289540
186024893
256878619
302689514
285426684
934887992
633891397
585124498
927200209
81708497
715317796
497543762
289738121
147399671
554103238
156800520
224296349
654469247
553167416
151460218
806636322
6648494
370825241
851965623
367416697
114644729
932889752
154642864
954347193
355564858
124476264
809894259
539113936
546626201
217649567
980874161
424048391
402058582
947871433
254568142
538680415
718182408
900266116
37854850
227952985
958941183
637317034
784075087
438446566
340155469
479525274
241644162
44228467
301557050
255673689
659794863
294462292
840031175
913957543
622177617
379751453
563098371
210081139
790947441
616656255
980916871
437972129
507503757
514718794
310345961
260259426
975424732
399649427
374309685
683748611
918508646
796301547
728397065
51096423
256456062
385241416
699696050
875098890
329288765
982921047
759493931
592747054
516215569
894030214
482428757
6901226
701961038
661411661
876209421
654867294
672938838
867000119
244913484
119503400
702442922
979809213
687883701
192902611
996576099
471980656
786232475
287659050
910665162
927024191
231443622
315696354
782883177
830409858
570688836
70059093
538068651
239902578
557447183
930878813
393043830
26556953
802560453
792161690
293017414
114735465
934410919
801980410
361640610
144272231
726653814
908143123
734758623
484342859
573346587
306016073
202342151
792964912
143648519
791928980
146799630
324713303
892143548
873758161
594004511
435758615
101480291
110061766
515233043
481475420
188523167
418604979
666301949
39070435
914127194
396101519
567981535
268025330
259938777
233723368
35018623
794377162
38637016
814982740
966362807
633622982
258732426
125824939
499292712
948927108
112484503
855869246
377758467
490984080
274407755
716608085
487242020
340809975
80209159
564462557
251071841
200059964
744312989
996070175
242665879
433769700
778467653
268860996
412265350
505702980
401084412
793028225
940609351
591850102
506464154
98033747
611821421
793086308
733014897
670990811
733771448
131368199
794521242
19082603
860746096
942748844
841750503
55133730
829856356
772272489
460632674
623364272
616192383
613252151
637867522
922595352
950395862
848142669
414391909
516877559
331275696
989483803
341895621
932240265
110266345
278186662
883161352
49257966
202185396
644544556
303428500
535581790
504235223
215771303
568349609
704740214
842571421
33921391
454385749
541769646
211131234
767376894
749078813
629854704
590458288
778948043
132136742
901599553
726796827
832284246
769689628
789675418
450697368
448377669
747246241
746222546
152874649
602955428
878204015
434172602
19524008
444147016
782320148
474179403
23237312
887966551
691967986
37850149
544074465
640963279
844396812
518567419
910205779
314155631
731108722
612192599
302920226
604179588
629059644
297995313
18888870
644795564
228977043
572670108
38499888
301670327
31074893
961726085
925900628
255798155
642656714
4933598
333779408
653651749
681551661
604300057
982997924
109084868
315933731
595437968
710233905
986269365
433867499
66403456
750136715
804183039
14192734
463919810
308564695
388529377
788825875
462485733
898649903
349933810
661365031
376571259
693845107
528748874
145604344
141703527
231095971
890985704
420432917
105486958
897224895
246944936
909757979
745178012
132261326
457598534
360275308
845246658
117048365
983796766
107216741
862009361
167607631
612358551
402428826
875570603
555247251
836943468
54623621
882997301
966429136
375520447
790438090
953223338
455310142
759405838
466762245
135010843
387833794
903665818
812731508
193644465
108443221
835311853
369087923
80604732
992356007
70846475
86592929
578852220
813133504
508497718
597741661
855093994
825271260
651994716
311412340
502382660
900352601
322340896
714978580
134706581
646121164
735049349
245328428
693655601
522488427
4902400
162221874
494916197
169213150
550068367
253746871
137922422
198705334
299655569
658316636
636910086
180402349
399251749
326984747
448168642
558063180
521930880
576596080
669788889
202482453
264040798
392862889
382437115
194831812
739975460
812540061
530133249
605131668
303924357
740912710
166242873
740059947
705602919
349766787
326750878
564955417
243668101
378187613
245095817
114233055
657087978
84515984
973780234
689706368
40967714
310213307
462002322
655342859
392086213
653061408
805068238
880646086
991951851
485508981
562829557
983690344
992733309
360249798
709481227
348119744
566788563
755440685
790402922
563210663
388274781
272403747
801328386
30909076
466337042
277430587
315517907
588972768
134129628
279269599
581154410
399585681
281621654
303754283
196744628
910551506
272670265
261203047
890655731
550996456
140815373
578879776
540954349
966906135
50675430
288721541
182954768
699802523
805595194
649281161
350196409
896900737
67554674
439181074
403593777
639958970
614170268
207336486
38806422
879220421
132570044
441042878
470760809
48217709
257371570
795721219
584736254
9946998
164505572
963735919
821196215
805782584
782125763
52998044
217156680
554637236
886098607
445179896
905974798
462750941
271443416
373410908
261277446
743796506
920879306
334362062
9695597
671904711
396114330
223918446
960377849
596428536
328550315
965934441
112517552
311834426
402817054
881877540
557129061
289126546
950345939
977371519
528095438
904027784
707436065
113079345
17753922
557609309
867003662
204624204
1807379
705951319
342281802
118868452
926035078
466995004
325599664
361918669
782403436
620040924
848317549
184481912
277789278
375352520
179308501
459960062
318270616
775011873
29428933
25075775
184971123
331912588
744811435
523657251
944262776
977051714
795719479
58988791
571075878
576644513
767971324
442728513
636721068
206486676
645966330
446694101
882269470
673337782
579488782
255433927
285143388
853147605
866265733
669658902
993082872
872437424
834446305
556490675
450642212
908433758
792435705
373152506
439514280
984278878
613931324
276572649
90103357
361357641
543412525
446090206
289734250
255308077
675209182
13267818
375510335
804966345
537490434
473814738
235390073
39952532
556357835
827547908
803960509
208682615
374558285
269962412
537658229
156497044
480275530
757816220
402028788
556219432
541799137
849736880
79313880
434885988
132156846
484155133
438320862
647352630
104316157
7423338
736391157
204452734
25562201
662982451
33219374
275027193
908123888
451115497
3819184
75421489
376040513
245935317
949830026
600815678
502334160
261842322
407653172
143443394
564768848
182299944
742958179
737477047
677553938
95027176
806397847
139985944
289860384
619058711
601723787
462649074
339495301
939209194
938825960
142018535
629861917
124893784
784514519
706774667
13681549
985977911
451434114
986550131
733683163
209156163
505420284
677846789
626974167
171354943
390884013
825389927
382789413
16255033
288599161
911755674
163665130
918460130
967058029
574094753
586692367
603507741
244477478
798726105
446234674
615415961
90024637
298225517
317424020
667729266
660131298
331000653
387621825
264574420
561359820
873769463
478813252
231899561
515714210
340596029
822392282
880937058
884747696
508589520
40249876
227572275
866951200
642073007
994310852
849727185
677779516
686633078
473801586
778638796
475575216
3531837
959151366
121869064
649624878
303917960
380860367
243234872
55843750
735706115
468442399
653985369
314771718
222183045
873537390
182058564
18810803
165973357
617152026
956045787
855955192
783852841
312782183
822219698
485743639
826429613
688242377
498440316
307395861
804196730
7205461
734597591
591094807
248278520
601587970
435669274
547137538
119589652
819781579
370456612
436582069
732750559
172320636
919106157
71129822
52786295
795654427
354817574
195232120
713512164
912871670
492046193
228434143
485049143
252759621
6373327
576711061
288790968
139877757
851693979
181939345
968304697
552747314
852732338
76736389
458210212
532394795
792508192
313907702
715893485
315312930
287728587
65612639
203776398
372014771
123410685
927315745
874950783
149245015
566900058
908556472
752618489
434401487
609448063
924330813
415182492
604225570
574247430
768260919
17129175
511884021
468951428
785379293
