808699
229085522
114496805
261701013
741500548
787561628
386621894
649713777
127791824
843122948
67908934
733876419
320912693
172353624
821627440
169763536
443722654
312861110
435305024
219106326
992012280
655834033
416466612
200465402
966584920
759224557
334291644
729334369
962344136
360359509
676020613
505209572
920100140
829179870
585846703
385169155
866780690
900903156
385711420
908639798
464931565
36192410
170823334
54259344
328811647
916815135
203121927
82307602
392811855
240674691
741692283
757232778
449507417
286393444
903992708
28120614
564923334
691454110
953883297
354843801
79328210
623625607
636675842
577195241
922228682
983565508
616859990
156578258
139925300
255718858
141517763
475892953
985410831
798699756
118642159
403204082
689195315
252561445
634954298
871831493
264249813
499034981
490616846
603032226
534579493
837695632
225627984
441404928
708069654
52077337
945498862
410528945
12467515
645721399
808019099
969559464
452336336
344655049
621162902
788551007
705831119
490380227
418244773
974021095
331220036
22198356
208600864
534083982
256275611
311806102
626759466
837763631
680316469
798592497
338264829
731916049
393301243
726751758
158521691
536941948
243374377
930968434
304622887
769674719
240883243
165826493
97939475
95945111
656359297
3096691
841807708
546108042
450642360
260792873
661614671
525406830
447578339
926373569
748685721
537167068
618056645
339271326
403097280
48199893
456744378
610743625
255892097
385477293
357360361
96505485
386848484
803946173
602147024
118004052
20147139
294519147
214681906
17847591
78203817
205401726
2400752
950194559
707822597
828166264
244919441
985353479
381525875
298465967
354228563
210784325
619097622
323260168
662039894
779938328
611506003
748719607
85602755
903582812
626900549
887841085
362648873
314173740
739964428
461148013
612621892
434155303
184299216
655851587
652339544
237854226
511975145
131390172
893564964
197517570
387177783
301815753
994767815
415066032
708718106
407138348
191322213
799604049
545851917
433985903
527402286
940553895
351835039
20143937
872250488
800929920
745210341
812392317
519459729
330887016
604442369
381428439
551422368
319002844
468628230
953351892
827487156
894387492
403269941
394223177
820740956
842998357
4694538
59672338
87025067
153519599
59595291
120016457
959796878
730285124
149784990
855560617
350630222
618899147
912165649
364523408
766196713
799470768
527588875
771373618
931160265
762572524
157261909
462650222
793922004
962051029
46681747
685298827
122928703
365502429
392742944
754746126
564063362
534711723
319282893
159459454
818133745
668296780
675355423
129799058
55203771
696817386
308416544
212736909
322247750
958011745
871392982
681661822
437104846
722784381
117792144
302429786
710898195
501722236
941627411
642983906
502346179
375418718
734160732
335125404
326347095
170873931
810678484
641505114
52196722
191902767
542682332
824726955
904516614
81418649
779393818
75742644
490279666
723021199
403382954
770731825
859622240
121226838
158149850
238123353
539323896
145467708
741422244
851809673
532896997
520572480
284347866
258000096
485035742
456641756
840570795
359234764
446757040
736123129
330216674
402515358
443686908
283445940
626666959
74177883
677749010
529823791
836844860
148381254
530529976
392234662
850045167
967552191
466808760
550228537
148986551
280682814
212984674
617819581
160847733
704753918
605433322
784147059
159746898
39811898
917353721
286983021
513220365
286847272
441274945
36867707
918237302
130206838
163614275
569695950
509779447
967025785
222032696
219984680
218038087
129547770
794227720
620730820
525882179
484556693
528285044
784861128
833857751
28576979
762774864
642284634
95136533
712413128
301490674
168264039
156114023
729554272
634982309
905169390
412268257
870412363
296737878
879788551
696160084
281891447
290686381
762699135
27960618
450186217
199820568
899609840
366873003
257296331
755389015
713732145
29246992
721076421
242672122
675238714
655518422
642783684
94208214
928662035
530014475
331966689
694602947
567948820
139339487
308376886
533148365
568175073
874499881
799431101
373665296
942603975
853993593
367254947
938743303
195999942
341333615
376250781
959663361
950217292
67073071
155621959
87182129
517886466
904450151
379018434
286616833
510199103
659184138
730047066
632291957
514861751
166096087
141862060
327492308
374274833
290938723
698740101
848139192
536916500
876108125
43171536
50187284
190504693
539920405
60077684
496600946
170159311
19853194
442094207
369011797
953173088
224596225
100019852
957377453
915018347
954378377
232841529
624428989
650240273
889548240
149908067
868334785
470440419
220972422
326723540
171445627
416339486
113342298
133414411
958107416
156524583
738526408
335366123
938969697
236652301
500963902
87307181
958384536
236918929
889018412
116748814
41967037
993637940
903403880
528732053
910125702
641086321
794790497
921894625
407307233
398033950
100403566
474012056
32259491
498431591
802275392
439268841
958680376
213743203
830952567
589549755
708819349
428729681
542696784
941111923
379224368
733403254
657483901
625940582
415264806
970198923
108418061
705110233
846706809
483914982
278535047
830218163
8252711
165101086
149837128
443914905
871780511
509040997
618593327
627621029
320950095
5015438
672783378
602527929
540485972
764916110
175501426
45870211
740614982
816473258
418264975
189358440
267319239
403192344
816288837
297120858
577289891
543771609
787297614
854889752
487979841
567506995
454936853
939519262
860543077
958747754
632560662
871217801
657000912
293611186
904207429
643957156
709215749
129132491
872633251
877517583
808190016
309671408
607999629
418870275
58766142
649485180
469037671
841081892
543987977
2052892
429304705
831973409
247660319
879515126
723368699
841348074
561708144
987998110
37013029
243331280
261340170
542452616
91490756
342541924
112286939
559057793
376182946
975016633
422038303
411324041
870530220
749759238
856969425
733250499
731545668
619237145
354279647
39635251
60412118
614707523
644926676
718966475
168570329
380664962
804971978
230313377
329864130
519248172
950042967
864697435
823720234
901314519
939807023
921883963
370578503
376475367
944020709
71787947
943955325
521124306
87571841
260082959
6745186
882103566
234107856
381099502
455689006
961024924
434763114
918363571
45270166
662202530
135968502
669622183
464725234
547058133
198197417
879641856
87455428
434364915
235544995
820703781
631888034
80138602
819775210
727666993
300446141
27997974
837766140
346476918
760503051
106149159
830659858
886147347
713143842
325231351
107685501
601813084
472190462
912813676
12010350
54809519
670323063
635030334
224144983
181685895
869157037
464003031
873980560
420785863
851080993
676575452
723121314
502708838
941391183
622985462
443484836
144426535
110644558
198647725
208852915
766460624
172750191
289816782
180898293
771294297
364315563
483177809
866717167
860320028
860640524
916225258
166580293
368384043
890328065
41735453
826707035
204365158
753545654
993309704
857804332
433285180
395293995
168940948
252585836
834354875
577409301
486969014
930977929
48818104
261750934
507137612
95150168
349755112
264548952
496079940
314305706
268100564
902505842
250702226
852406630
208681876
674634943
704111864
259442566
717242178
797753093
369490345
569224977
230321673
230916090
357168519
388658883
144850048
626554715
506985813
518029760
268340342
693800159
818732919
68417361
414584762
413395012
838633688
708845485
168784264
375890801
849359198
885259246
780755596
482015923
854479876
608582948
334566291
530641041
646677125
940148437
676817687
596812028
811691711
582782937
622169838
201942106
383043698
852038148
10195878
139318146
437941169
470821329
962060098
774069957
198178384
409900183
349571637
772145656
889694755
579488469
510289989
452453507
155931127
327881312
869841349
305359527
31185529
759915042
640283785
610554880
322581061
232253990
746455595
587359146
156507785
93387131
74080790
184667440
74637916
518838889
747881423
866282115
125002605
282624126
931631246
205762363
499200092
981246993
110401585
881482197
447795371
826385537
409752698
791646325
141887097
329316301
872028925
339358548
813346257
671682597
253647893
46334022
361413046
632482512
140656103
907420454
866506409
712202465
816714605
617687503
456478236
909400293
830257852
7238650
408547195
538145146
184623589
610329804
486944248
43985958
46572444
788522767
121045446
244125301
609881263
634612769
904173034
88571652
326763558
290812716
383885063
868308553
123197105
151190451
317404056
323775066
455956544
529704184
391573948
174685747
341726489
104801149
79394260
451064464
804826810
336692852
845703849
682311615
715827115
680871697
286910717
799619223
313240919
913060833
403545519
969692399
797067699
390093730
596684486
457804609
108966132
798586242
64309094
392490277
523127870
817390505
696841320
568442491
206351498
767719799
619746581
291420469
103618468
329143135
567680767
588847547
530976076
741737566
78891006
462390908
7695128
258353344
375637789
951274186
957463699
176330009
76264877
310964195
444152967
101147440
576899241
661194551
785865064
281379063
559056882
622806375
735084945
586285481
489182827
982731422
852243660
597641085
117361740
877812081
312990296
463405223
243383759
132941135
734700252
685417358
577957086
457825758
289138608
225251793
710785757
787060291
61346404
1020441
775689845
880239051
951244628
26483993
721693917
469041223
553630401
832724843
605134908
930296677
516165496
165219672
472842932
724445310
80155303
829371206
15344499
328860188
336338127
934708929
610203145
772793099
528251350
224869916
710781882
223469337
707925052
70522061
951222537
14182254
902518630
463017539
789111125
564388483
413113622
685508993
858352799
69227456
225878011
97729385
531252918
31250277
217108139
126402235
209630197
355494417
492763378
383152193
123254156
215324707
36564262
279202446
864474396
730872371
41476350
201383810
327744918
331010428
85513749
983553736
551751321
464480571
